879059547225600240
922116163797531891
1085350759558794252
933317974621422396
868122480960652035
1080880416144949440
1081079140976935680
1080929885294104320
881633280594592560
1085298236936220672
1085351013277289487
1097819423546277900
1085298236936220672
1084242705509314560
868122480960652035
933159694058179776
918800553386127360
882639333184254156
1135131419421196227
879112322965294275
878202765875086140
1097819423546277900
1085298236936220672
1134924475767128316
868916551905177600
933159694058179776
1084456853384777487
1085139842569867020
1097819463022068492
922324177892094768
1135184444001107712
882428191527717891
868072952152919820
1134924475767128316
868916551905177600
1097805185935011840
919793360645849280
1085139842569867020
1097819463022068492
922323349836611568
933300655038922755
882428191527717891
868072952152919820
868293954050519871
868069099022844675
1134924491869323516
919793360645849280
1097753233808425935
933089603413082160
922323349836611568
933300655038922755
1081128824403444480
918737829696123840
868293954050519871
1149328300608320508
1080880416144949440
1081079140976935680
1135187485791341616
865800480070106127
1085298236936220672
1085351013277289487
1081128824403444480
1085298236936220672
933317974621422396
868122480960652035
1080880416144949440
1084456853384777487
882639333184254156
881633280594592560
865552050087201795
1135184444001107712
1097819423546277900
865552050087201795
1084242705509314560
1149540502056469308
933159694058179776
918800553386127360
1080929885294104320
919578766026476595
879112322965294275
878202765875086140
1097819423546277900
1135171262705578947
1134924475767128316
868916551905177600
1080864954463027215
919793360645849280
878427108114444531
919578766026476595
879112322965294275
1084295276723762172
882428191527717891
1135171262705578947
1097752425529393920
868069099022844675
1097805185935011840
919793360645849280
878427108114444531
865800480070106127
879112584088780800
1084295276723762172
1135170988889015280
918737829696123840
1148417972629340160
868069099022844675
1134924491869323516
864757373023817667
1097753233808425935
865800480070106127
879112584088780800
879059547225600240
922116163797531891
918737829696123840
868293954050519871
933317353717841088
1080880416144949440
1081079140976935680
1135187485791341616
1135131419421196227
1085298236936220672
879059547225600240
922116163797531891
1085298236936220672
1084242705509314560
933317353717841088
1080864954463027215
918800553386127360
1080929885294104320
881633280594592560
922324177892094768
1135184444001107712
1135121515093676016
865552050087201795
1134924475767128316
1149540502056469308
933159694058179776
918800553386127360
878427108114444531
919578766026476595
879112322965294275
878202765875086140
1135170988889015280
868072952152919820
1097752425529393920
868916551905177600
1134924491869323516
1085139688218442767
878427108114444531
1097819463022068492
879112584088780800
933300655038922755
882428191527717891
868072952152919820
868293954050519871
868069099022844675
1134924491869323516
1085139688218442767
1135187485791341616
865800480070106127
922323349836611568
933300655038922755
1081128824403444480
1085350759558794252
868293954050519871
868069099022844675
1080880416144949440
864757373023817667
1097753233808425935
933089603413082160
1085298236936220672
879059547225600240
922116163797531891
1085350759558794252
933317974621422396
933317353717841088
919632402652658751
1081079140976935680
882639333184254156
1135131419421196227
1085298236936220672
879059547225600240
1097819423546277900
865552050087201795
1084242705509314560
868122480960652035
933159694058179776
1084456853384777487
1080929885294104320
1097819463022068492
922324177892094768
1135184444001107712
1135121515093676016
868072952152919820
1134924475767128316
1149540502056469308
933159694058179776
919793360645849280
878427108114444531
1097819463022068492
922324177892094768
933300655038922755
1135170988889015280
1135171262705578947
1134924475767128316
868069099022844675
1097805185935011840
1085139688218442767
878427108114444531
933089603413082160
922323349836611568
1084295276723762172
882428191527717891
918737829696123840
1148417972629340160
1149328300608320508
1097805185935011840
1081079140976935680
1097753233808425935
865800480070106127
879112584088780800
879059547225600240
918949570308796659
1135118419495023552
1148417972629340160
868122480960652035
919632402652658751
864757373023817667
1097753233808425935
1135131419421196227
865552050087201795
879059547225600240
1081128824403444480
865552050087201795
933317974621422396
933317353717841088
1080880416144949440
918800553386127360
882639333184254156
881633280594592560
1085298236936220672
878202765875086140
1135121515093676016
1085298236936220672
1084242705509314560
1149540502056469308
933159694058179776
918800553386127360
1080929885294104320
919578766026476595
879112322965294275
1135184444001107712
1135170988889015280
868072952152919820
1097752425529393920
868916551905177600
1134924491869323516
919793360645849280
878427108114444531
1097819463022068492
922323349836611568
1084295276723762172
882428191527717891
868072952152919820
868293954050519871
