45
59
18
32
304
5
277
291
250
264
223
237
196
210
169
183
142
156
115
129
88
102
61
75
34
48
62
21
35
307
8
280
294
253
267
226
240
199
213
172
186
145
159
118
132
91
105
64
78
37
51
65
24
38
310
11
283
297
256
270
229
243
202
216
175
189
148
162
121
135
94
108
67
81
40
54
68
27
41
0
14
286
300
259
273
232
246
205
219
178
192
151
165
124
138
97
111
70
84
43
57
71
30
44
3
17
289
303
262
276
235
249
208
222
181
195
154
168
127
141
100
114
73
87
46
60
74
33
47
6
20
292
306
265
279
238
252
211
225
184
198
157
171
130
144
103
117
76
90
49
63
77
36
50
9
23
295
309
268
282
241
255
214
228
187
201
160
174
133
147
106
120
79
93
52
66
80
39
53
12
26
298
312
271
285
244
258
217
231
190
204
163
177
136
150
109
123
82
96
55
69
83
42
56
15
29
301
2
274
288
247
261
220
234
193
207
166
180
139
153
112
126
85
99
58
72
31
45
59
18
32
304
5
277
291
250
264
223
237
196
210
169
183
142
156
115
129
88
102
61
75
34
48
62
21
35
307
8
280
294
253
267
226
240
