127
254
381
8
135
262
389
16
143
270
397
24
151
278
405
32
159
286
413
40
167
294
421
48
175
302
429
56
183
310
437
64
191
318
445
72
199
326
453
80
207
334
461
88
215
342
469
96
223
350
477
104
231
358
485
112
239
366
493
120
247
374
1
128
255
382
9
136
263
390
17
144
271
398
25
152
279
406
33
160
287
414
41
168
295
422
49
176
303
430
57
184
311
438
65
192
319
446
73
200
327
454
81
208
335
462
89
216
343
470
97
224
351
478
105
232
359
486
113
240
367
494
121
248
375
2
129
256
383
10
137
264
391
18
145
272
399
26
153
280
407
34
161
288
415
42
169
296
423
50
177
304
431
58
185
312
439
66
193
320
447
74
201
328
455
82
209
336
463
90
217
344
471
98
225
352
479
106
233
360
487
114
241
368
495
122
249
376
3
130
257
384
11
138
265
392
19
146
273
400
27
154
281
408
35
162
289
416
43
170
297
424
51
178
305
432
59
186
313
440
67
194
321
448
75
202
329
456
83
210
337
464
91
218
345
472
99
226
353
480
107
234
361
488
115
242
369
496
123
250
377
4
131
258
385
12
139
266
393
20
147
274
401
28
